[redshift]
temp-day=6504
temp-night=4500
transition=1
location-provider=manual
[manual]
lat=9.94745105697759
lon=76.27652728465412